397
6 659
9 975
11 903
14 966
16 970
18 762
21 478
37 746
40 534
43 984
45 935
54 875
56 885
58 473
61 681
63 525
66 547
69 266
72 408
75 461
88 306
91 920
93 826
95 102
101 856
106 956
108 926
110 142
113 977
116 911
118 986
120 996
123 340
126 952
129 355
132 321
136 656
139 660
142 985
144 906
147 777
149 842
152 727
155 795
161 743
163 777
166 351
171 960
174 488
176 977
178 573
182 358
185 967
187 726
190 931
194 690
198 893
201 808
203 790
207 595
210 839
212 851
214 935
216 971
219 478
223 628
227 569
233 628
237 549
240 899
245 278
248 920
250 793
253 532
256 993
258 660
261 984
263 866
265 650
269 522
272 769
275 958
277 771
280 991
283 849
286 479
289 858
291 796
294 956
296 768
299 831
301 905
303 449
306 814
308 938
312 881
314 950
316 671
320 607
324 457
330 405
334 644
337 990
339 618
342 958
345 558
347 783
350 973
352 963
354 423
357 930
359 900
361 540
364 932
366 754
370 876
372 494
376 718
379 682
383 991
385 886
387 960
389 761
392 824
394 754
396 520
399 405
403 873
405 889
409 990
412 844
416 876
418 875
422 998
424 538
427 864
430 983
433 826
436 755
438 924
441 710
443 684
445 517
448 476
454 680
457 683
460 632
462 770
465 792
467 964
469 975
472 974
474 999
477 768
480 900
482 666
484 789
487 641
490 652
492 822
495 971
497 908
501 987
504 979
506 688
509 750
511 897
514 527
517 949
519 760
521 960
523 615
526 639
529 992
532 699
535 953
537 949
540 993
542 691
545 699
547 554
550 821
553 941
556 816
559 873
561 984
564 964
566 938
568 778
572 921
575 921
582 765
585 735
588 934
590 953
592 997
593 979
595 609
598 974
601 945
603 962
607 856
610 994
611 997
612 881
615 954
618 861
621 634
624 702
626 681
630 730
632 852
634 687
637 961
640 863
643 663
645 864
647 997
648 941
651 780
653 968
655 962
657 971
659 799
661 929
663 997
665 995
667 829
670 808
673 953
675 957
677 856
680 847
683 994
685 808
688 992
690 715
693 874
695 720
700 987
701 753
704 982
706 991
708 846
712 853
714 945
716 877
718 907
720 774
723 996
725 954
727 818
730 974
732 833
735 959
737 994
738 823
742 991
744 932
746 900
748 895
751 972
753 900
755 957
758 878
760 981
762 996
764 983
766 998
767 940
769 885
773 871
776 946
778 846
780 938
782 998
783 996
785 995
786 964
788 845
791 956
794 937
797 949
800 998
802 984
803 991
805 995
806 948
808 855
810 953
812 920
815 895
817 991
819 903
821 992
822 992
824 965
826 911
829 981
831 997
832 945
834 916
836 846
839 875
841 988
844 965
846 985
848 963
851 996
853 945
855 954
857 943
859 965
861 991
863 984
865 957
868 915
870 991
872 996
873 980
874 959
877 987
878 993
881 923
883 950
885 983
888 981
889 995
892 990
895 911
897 993
898 991
900 998
901 994
903 963
905 996
906 937
908 991
909 976
911 945
913 972
914 973
917 960
919 964
921 938
923 988
924 986
926 968
929 969
930 995
931 981
932 989
933 979
935 996
936 952
937 938
939 989
940 977
941 995
942 951
944 988
945 960
947 964
948 994
950 962
951 975
953 979
955 961
956 987
960 998
961 991
962 992
964 996
965 990
967 996
968 995
969 981
971 998
972 984
973 987
975 999
976 991
978 990
980 984
982 993
983 997
984 989
986 991
988 996
989 995
990 992
991 992
992 996
993 999
994 995
995 997
997 998
