147
1 3
2 3
3 18
4 17
4 17
5 16
5 15
6 14
6 8
8 9
9 11
10 21
11 20
11 18
12 17
12 26
13 25
13 15
14 17
15 16
15 16
16 26
17 25
18 19
19 37
20 36
20 24
21 23
21 23
22 28
23 27
23 29
24 28
24 26
26 33
27 32
27 35
28 34
28 32
29 31
29 30
30 41
31 40
32 48
33 47
33 44
34 43
34 45
35 44
35 36
36 54
37 53
37 46
38 45
38 63
39 62
39 42
40 41
41 47
42 46
42 58
43 57
43 54
44 53
44 46
45 55
46 54
46 69
47 68
47 53
48 52
48 52
49 51
49 51
52 62
53 61
53 74
54 73
54 55
55 60
56 59
56 61
57 60
57 58
58 60
59 60
60 66
61 65
61 69
62 68
62 70
63 69
63 65
64 84
65 83
65 71
66 70
66 67
67 72
68 71
68 99
69 98
69 72
70 79
71 78
71 93
72 92
72 83
73 82
73 78
74 77
74 77
75 76
75 82
76 81
76 84
77 83
77 84
78 83
78 86
79 85
79 80
80 85
81 84
81 84
82 83
82 88
83 87
83 87
84 86
84 88
85 87
85 90
86 89
86 87
87 88
89 92
90 91
90 91
91 97
92 96
93 96
94 95
94 96
95 96
96 98
97 99
