878
6 11
7 13
8 11
9 23
10 21
11 16
12 35
13 20
14 25
15 37
16 17
17 48
18 54
19 63
20 32
21 24
22 55
23 61
24 25
25 69
28 35
29 55
30 37
31 41
32 37
33 34
34 128
35 43
36 52
37 42
38 42
39 129
40 47
41 65
42 80
43 57
44 70
45 50
46 51
47 60
48 50
49 51
51 62
52 85
53 55
55 74
56 76
57 60
58 60
59 65
60 90
62 105
63 100
64 134
65 69
67 72
68 149
69 121
70 76
71 80
72 73
73 78
74 77
75 160
76 86
77 79
78 181
79 80
81 87
82 85
83 90
85 95
86 88
87 93
88 193
89 95
90 105
91 97
92 93
94 107
95 135
96 194
97 103
98 99
99 111
100 111
101 107
102 142
103 148
104 150
105 156
106 109
107 173
109 130
110 219
112 115
113 117
114 125
115 116
116 224
117 238
118 123
119 122
120 127
121 146
122 151
123 131
124 129
125 132
126 133
127 135
128 130
129 156
130 131
131 145
133 150
134 137
135 137
136 244
138 143
139 142
140 145
141 143
143 157
144 158
145 162
146 150
148 218
149 151
150 151
151 194
152 157
154 165
155 269
156 183
158 160
159 274
160 170
161 206
162 231
163 170
164 168
165 171
166 232
167 234
168 169
169 239
170 177
171 241
172 188
173 238
174 179
175 176
176 286
177 199
178 181
179 185
180 196
181 297
182 199
183 195
184 190
185 204
187 189
188 202
189 199
190 222
191 215
192 195
193 222
194 195
195 196
196 259
197 211
198 212
199 214
200 221
201 211
202 260
203 217
205 221
206 207
207 264
208 298
209 210
210 211
211 230
213 217
214 225
215 235
216 224
217 265
218 237
219 234
220 300
221 327
222 229
223 244
225 247
226 244
227 248
228 229
230 252
231 240
232 236
233 242
234 239
235 236
237 251
238 240
240 244
241 329
242 243
243 249
244 256
245 267
246 275
247 277
248 272
250 251
251 279
252 256
253 333
254 257
255 256
256 266
257 272
258 353
259 374
260 264
261 272
262 276
263 275
264 271
265 273
266 290
269 282
270 379
271 388
272 400
273 353
275 282
276 365
277 296
278 288
279 289
280 291
281 283
282 292
284 285
285 366
287 288
288 289
290 291
291 292
292 296
293 309
294 383
295 323
296 300
297 390
298 310
299 405
300 313
301 323
302 311
303 312
304 305
305 319
306 309
307 326
308 312
309 314
310 409
311 369
312 319
313 315
314 324
315 370
317 321
318 372
319 421
320 328
321 334
322 427
323 334
324 325
325 358
327 429
328 361
329 443
330 345
331 337
332 336
333 347
334 342
335 336
336 360
337 402
338 350
339 456
340 344
341 349
342 344
343 355
344 346
345 358
346 351
347 352
348 378
349 371
351 353
352 373
353 407
354 370
355 356
356 458
357 358
358 360
359 360
360 368
361 366
363 366
364 409
365 366
366 370
367 368
368 500
369 376
370 376
371 386
372 374
373 376
374 391
375 514
376 389
377 383
379 392
380 394
381 388
382 393
383 403
384 392
385 394
386 390
387 400
388 395
389 398
390 432
391 398
392 400
393 525
394 403
395 399
396 421
397 403
398 534
400 402
401 419
403 405
404 406
405 424
406 413
407 427
408 420
409 411
410 412
411 412
412 418
413 423
416 432
417 421
418 426
419 421
420 540
421 427
422 424
424 435
425 457
426 462
427 581
428 438
429 442
430 444
431 433
432 443
433 452
434 446
435 437
436 461
437 438
438 442
439 446
440 443
441 466
442 449
443 444
444 472
446 449
447 455
449 455
450 596
451 452
453 498
454 488
455 457
456 499
457 470
458 460
459 507
460 511
461 463
462 476
463 523
464 602
465 473
466 604
467 470
468 535
469 483
470 471
471 492
472 483
473 475
476 480
477 479
479 484
480 481
481 536
482 496
483 497
484 501
485 487
486 491
487 498
488 502
489 492
490 539
491 492
492 513
494 497
495 605
496 504
497 499
498 607
499 521
500 626
501 642
503 643
504 651
505 517
506 515
508 518
509 513
510 565
511 679
512 514
513 539
514 516
515 517
516 527
517 538
518 687
519 551
520 528
521 603
522 535
523 697
524 533
525 533
526 528
527 555
528 542
529 548
530 535
531 568
532 535
533 536
534 549
535 567
536 539
537 544
538 570
539 541
540 543
541 564
542 580
543 550
545 548
546 556
547 553
549 555
551 582
552 553
555 585
556 560
558 562
559 561
560 562
561 562
563 577
564 702
565 568
566 590
567 651
568 580
569 652
570 575
571 658
572 575
573 611
574 612
575 576
576 577
577 580
578 581
579 592
580 583
581 584
583 590
584 590
585 623
586 644
587 594
588 608
589 703
591 609
592 615
593 595
594 602
596 601
597 605
598 619
600 621
602 604
603 604
604 645
605 637
607 621
608 611
609 627
610 705
611 615
612 634
613 642
614 638
615 628
616 710
617 620
618 621
619 632
620 649
621 640
622 672
623 673
624 628
625 628
626 634
627 628
628 629
629 674
630 669
631 634
632 635
633 641
634 650
635 642
636 648
637 686
638 641
639 655
640 648
642 653
643 719
644 645
645 650
646 681
647 677
648 673
649 651
650 660
651 661
652 679
654 725
655 699
656 671
657 710
658 664
659 667
660 673
661 664
662 674
663 706
664 695
665 700
666 671
668 706
669 711
670 726
671 734
672 703
673 739
674 700
675 678
676 693
677 680
680 682
681 683
682 691
683 687
684 702
686 687
687 694
688 690
690 699
691 700
692 701
693 696
694 699
695 700
696 702
698 699
699 715
700 704
701 708
702 704
704 708
705 741
706 752
707 730
708 769
709 710
711 713
712 719
713 716
714 750
715 716
716 772
717 722
718 725
719 722
720 725
721 731
722 725
723 737
724 731
725 729
726 727
727 740
728 731
729 735
730 746
731 735
732 737
733 777
734 760
735 743
736 793
737 740
738 739
739 750
740 794
741 742
742 787
743 744
745 788
747 764
748 798
749 758
750 761
751 761
752 769
753 773
754 805
756 773
757 798
758 760
759 766
760 767
762 784
763 765
765 773
766 801
767 769
768 794
769 781
770 780
771 772
772 807
773 774
774 778
775 781
776 777
777 781
778 781
779 783
780 815
782 797
783 811
784 785
785 792
788 792
789 800
790 818
791 797
793 805
794 803
797 807
799 808
800 818
802 838
803 817
804 813
805 806
806 827
807 845
809 822
810 847
811 814
812 815
813 820
814 860
815 826
816 820
817 818
818 823
819 832
820 825
821 828
822 891
823 832
824 915
825 830
826 835
828 839
829 835
830 832
831 839
832 866
833 919
834 835
835 840
837 854
838 842
839 857
840 843
841 858
842 865
843 878
844 863
845 879
846 862
847 862
848 851
849 864
850 874
851 861
852 853
853 888
854 895
857 858
858 871
859 862
860 863
861 869
862 925
863 868
864 872
865 868
866 870
868 877
871 878
872 897
873 877
874 930
875 880
876 878
877 886
878 885
879 886
880 887
881 912
883 887
884 890
885 896
886 894
887 932
889 933
890 900
893 916
894 917
895 909
896 901
897 899
898 906
899 905
901 924
902 915
903 905
904 908
905 922
906 928
907 912
908 911
909 938
910 939
911 937
912 913
913 930
914 946
915 917
917 923
918 924
919 956
921 922
922 923
923 929
924 928
925 945
926 938
927 931
929 939
930 941
931 944
932 944
933 960
934 944
935 957
936 974
937 944
938 941
939 952
940 989
941 948
942 946
943 951
944 954
946 949
947 990
949 959
950 985
951 966
952 954
954 957
955 970
956 961
957 963
960 975
961 993
962 964
963 973
964 965
965 971
966 969
968 969
969 970
970 974
972 985
973 975
975 976
976 991
977 980
979 985
981 994
982 995
983 991
984 985
985 993
986 987
987 989
989 998
990 997
991 998
992 994
993 994
994 999
995 998
996 997
